112
0 222
14 215
27 205
42 193
54 178
64 164
69 142
73 124
84 105
94 92
110 81
127 73
143 68
167 64
185 63
203 70
223 76
238 92
246 105
252 124
254 147
249 169
246 188
235 206
220 220
203 231
184 243
156 261
138 274
118 286
97 303
83 317
69 330
59 350
53 372
47 396
41 417
37 444
41 472
44 497
54 520
61 534
73 546
92 555
115 565
142 566
166 564
192 558
212 544
224 528
226 509
224 485
211 465
196 443
185 417
185 399
191 378
206 357
223 348
250 341
269 340
297 346
312 359
326 385
337 413
345 438
352 463
360 487
365 509
384 522
405 531
428 536
450 540
482 543
509 533
531 518
536 498
538 477
534 456
523 437
504 417
488 398
467 380
445 362
425 348
411 336
400 327
384 305
375 283
371 252
369 230
366 204
363 178
367 155
368 130
375 112
389 92
399 82
416 77
437 75
461 75
483 89
498 110
510 145
517 178
522 205
533 230
544 260
558 279
573 297
590 310
600 317
